A0.txt
0
0.064072
0.03795
4.92E-4
0.013252
0.374574
1.008283
0.013635
0.008707
0.006516
2.80372
0.010404
0.00575
-------------------------
A1.txt
8
0.012595
0.01128
1.64E-4
0.064783
1.635201
0.526375
0.016319
0.014785
0.024095
1.488658
0.001314
8.76E-4
-------------------------
A2.txt
203
0.015881
0.041947
2.19E-4
0.557589
1.218077
38.066036
0.01944
0.012595
0.023383
35.122891
0.158755
0.229015
-------------------------
A3.txt
2314
0.012212
0.009857
1.64E-4
0.432731
0.917158
319.267236
0.054871
0.041564
0.052079
290.538061
0.04704
0.053283
-------------------------
A4.txt
6321
0.062484
0.009802
2.19E-4
1.181879
1.170982
597.753979
0.085702
0.074202
0.084443
647.651464
0.078255
0.096107
-------------------------
A5.txt
22326
0.012869
0.009254
2.19E-4
1.852936
0.992128
1423.532835
0.163848
0.130115
0.149829
1297.003571
0.158044
0.145996
-------------------------
A6.txt
106395
0.002573
0.001314
2.19E-4
4.034502
0.078748
4235.467237
0.003121
0.001204
0.002135
4236.527873
0.308969
0.357543
-------------------------
